1,Thanh,12/04/1991,false,903487567,12
2,Thanh,14/04/1991,true,901234567,12
